# Timidity tuning table created by pytuning,
# call timidity with the -Z option to enable.
# Note reference: 60; Freq reference: 261.625565 Hz
8176
8721
9198
9811
10220
10901
11497
12264
13081
13626
14716
15330
16352
17442
18396
19622
20439
21802
22994
24527
26163
27253
29433
30659
32703
34883
36791
39244
40879
43604
45989
49055
52325
54505
58866
61318
65406
69767
73582
78488
81758
87209
91978
98110
104650
109011
117732
122637
130813
139534
147164
156975
163516
174417
183955
196219
209300
218021
235463
245274
261626
279067
294329
313951
327032
348834
367911
392438
418601
436043
470926
490548
523251
558135
588658
627901
654064
697668
735822
784877
837202
872085
941852
981096
1046502
1116269
1177315
1255803
1308128
1395336
1471644
1569753
1674404
1744170
1883704
1962192
2093005
2232538
2354630
2511605
2616256
2790673
2943288
3139507
3348807
3488341
3767408
3924383
4186009
4465076
4709260
5023211
5232511
5581345
5886575
6279014
6697614
6976682
7534816
7848767
8372018
8930153
9418520
10046422
10465023
11162691
11773150
12558027