# Timidity tuning table created by pytuning,
# call timidity with the -Z option to enable.
# Note reference: 60; Freq reference: 261.625565 Hz
8176
8731
9198
9822
10347
11050
11641
12264
13096
13797
14733
15521
16352
17461
18396
19644
20695
22100
23282
24527
26192
27593
29466
31042
32703
34923
36791
39288
41390
44199
46564
49055
52384
55187
58932
62085
65406
69846
73582
78576
82780
88398
93127
98110
104768
110373
117864
124170
130813
139691
147164
157153
165560
176797
186255
196219
209537
220747
235729
248340
261626
279382
294329
314305
331120
353593
372510
392438
419074
441493
471458
496680
523251
558765
588658
628610
662240
707187
745020
784877
838147
882986
942916
993360
1046502
1117530
1177315
1257221
1324479
1414373
1490039
1569753
1676294
1765973
1885831
1986719
2093005
2235059
2354630
2514441
2648959
2828747
2980079
3139507
3352589
3531945
3771662
3973438
4186009
4470118
4709260
5028883
5297918
5657493
5960157
6279014
6705177
7063890
7543324
7946877
8372018
8940236
9418520
10057766
10595835
11314986
11920315
12558027
